R: 1.0
M_model: 0.9875719492532592
M_data: nan
CRF: 0.5216298655267124