R: 1.5
M_model: 4.418153727267464
M_data: nan
CRF: 0.5688027456201691