R: 0.5
M_model: 0.09474224098316389
M_data: nan
CRF: 0.5943713711115194